0 0 0 BC_30 2.0E8 250000.0 7850.0 9.0E-4 6.75E-8 4.50
1 0 0 BH_30 2.0E8 345000.0 7850.0 9.0E-4 6.75E-8 5.00
2 0 0 BQ_30 2.0E8 485000.0 7850.0 9.0E-4 6.75E-8 5.55
0 0 1 BC_35 2.0E8 250000.0 7850.0 0.001225 1.2505208333333334E-7 4.50
1 0 1 BH_35 2.0E8 345000.0 7850.0 0.001225 1.2505208333333334E-7 5.00
2 0 1 BQ_35 2.0E8 485000.0 7850.0 0.001225 1.2505208333333334E-7 5.55
0 0 2 BC_40 2.0E8 250000.0 7850.0 0.0015999999999999999 2.1333333333333334E-7 4.50
1 0 2 BH_40 2.0E8 345000.0 7850.0 0.0015999999999999999 2.1333333333333334E-7 5.00
2 0 2 BQ_40 2.0E8 485000.0 7850.0 0.0015999999999999999 2.1333333333333334E-7 5.55
0 0 3 BC_45 2.0E8 250000.0 7850.0 0.002025 3.4171875E-7 4.50
1 0 3 BH_45 2.0E8 345000.0 7850.0 0.002025 3.4171875E-7 5.00
2 0 3 BQ_45 2.0E8 485000.0 7850.0 0.002025 3.4171875E-7 5.55
0 0 4 BC_50 2.0E8 250000.0 7850.0 0.0025 5.208333333333333E-7 4.50
1 0 4 BH_50 2.0E8 345000.0 7850.0 0.0025 5.208333333333333E-7 5.00
2 0 4 BQ_50 2.0E8 485000.0 7850.0 0.0025 5.208333333333333E-7 5.55
0 0 5 BC_55 2.0E8 250000.0 7850.0 0.003025 7.625520833333333E-7 4.50
1 0 5 BH_55 2.0E8 345000.0 7850.0 0.003025 7.625520833333333E-7 5.00
2 0 5 BQ_55 2.0E8 485000.0 7850.0 0.003025 7.625520833333333E-7 5.55
0 0 6 BC_60 2.0E8 250000.0 7850.0 0.0036 1.08E-6 4.50
1 0 6 BH_60 2.0E8 345000.0 7850.0 0.0036 1.08E-6 5.00
2 0 6 BQ_60 2.0E8 485000.0 7850.0 0.0036 1.08E-6 5.55
0 0 7 BC_65 2.0E8 250000.0 7850.0 0.004225 1.4875520833333332E-6 4.50
1 0 7 BH_65 2.0E8 345000.0 7850.0 0.004225 1.4875520833333332E-6 5.00
2 0 7 BQ_65 2.0E8 485000.0 7850.0 0.004225 1.4875520833333332E-6 5.55
0 0 8 BC_70 2.0E8 250000.0 7850.0 0.0049 2.0008333333333334E-6 4.50
1 0 8 BH_70 2.0E8 345000.0 7850.0 0.0049 2.0008333333333334E-6 5.00
2 0 8 BQ_70 2.0E8 485000.0 7850.0 0.0049 2.0008333333333334E-6 5.55
0 0 9 BC_75 2.0E8 250000.0 7850.0 0.005625 2.63671875E-6 4.50
1 0 9 BH_75 2.0E8 345000.0 7850.0 0.005625 2.63671875E-6 5.00
2 0 9 BQ_75 2.0E8 485000.0 7850.0 0.005625 2.63671875E-6 5.55
0 0 10 BC_80 2.0E8 250000.0 7850.0 0.0063999999999999994 3.4133333333333334E-6 4.50
1 0 10 BH_80 2.0E8 345000.0 7850.0 0.0063999999999999994 3.4133333333333334E-6 5.00
2 0 10 BQ_80 2.0E8 485000.0 7850.0 0.0063999999999999994 3.4133333333333334E-6 5.55
0 0 11 BC_90 2.0E8 250000.0 7850.0 0.0081 5.4675E-6 4.50
1 0 11 BH_90 2.0E8 345000.0 7850.0 0.0081 5.4675E-6 5.00
2 0 11 BQ_90 2.0E8 485000.0 7850.0 0.0081 5.4675E-6 5.55
0 0 12 BC100 2.0E8 250000.0 7850.0 0.01 8.333333333333332E-6 4.50
1 0 12 BH100 2.0E8 345000.0 7850.0 0.01 8.333333333333332E-6 5.00
2 0 12 BQ100 2.0E8 485000.0 7850.0 0.01 8.333333333333332E-6 5.55
0 0 13 BC110 2.0E8 250000.0 7850.0 0.0121 1.2200833333333334E-5 4.50
1 0 13 BH110 2.0E8 345000.0 7850.0 0.0121 1.2200833333333334E-5 5.00
2 0 13 BQ110 2.0E8 485000.0 7850.0 0.0121 1.2200833333333334E-5 5.55
0 0 14 BC120 2.0E8 250000.0 7850.0 0.0144 1.728E-5 4.50
1 0 14 BH120 2.0E8 345000.0 7850.0 0.0144 1.728E-5 5.00
2 0 14 BQ120 2.0E8 485000.0 7850.0 0.0144 1.728E-5 5.55
0 0 15 BC130 2.0E8 250000.0 7850.0 0.0169 2.380083333333333E-5 4.50
1 0 15 BH130 2.0E8 345000.0 7850.0 0.0169 2.380083333333333E-5 5.00
2 0 15 BQ130 2.0E8 485000.0 7850.0 0.0169 2.380083333333333E-5 5.55
0 0 16 BC140 2.0E8 250000.0 7850.0 0.0196 3.2013333333333334E-5 4.50
1 0 16 BH140 2.0E8 345000.0 7850.0 0.0196 3.2013333333333334E-5 5.00
2 0 16 BQ140 2.0E8 485000.0 7850.0 0.0196 3.2013333333333334E-5 5.55
0 0 17 BC150 2.0E8 250000.0 7850.0 0.0225 4.21875E-5 4.50
1 0 17 BH150 2.0E8 345000.0 7850.0 0.0225 4.21875E-5 5.00
2 0 17 BQ150 2.0E8 485000.0 7850.0 0.0225 4.21875E-5 5.55
0 0 18 BC160 2.0E8 250000.0 7850.0 0.025599999999999998 5.4613333333333334E-5 4.50
1 0 18 BH160 2.0E8 345000.0 7850.0 0.025599999999999998 5.4613333333333334E-5 5.00
2 0 18 BQ160 2.0E8 485000.0 7850.0 0.025599999999999998 5.4613333333333334E-5 5.55
0 0 19 BC170 2.0E8 250000.0 7850.0 0.0289 6.960083333333333E-5 4.50
1 0 19 BH170 2.0E8 345000.0 7850.0 0.0289 6.960083333333333E-5 5.00
2 0 19 BQ170 2.0E8 485000.0 7850.0 0.0289 6.960083333333333E-5 5.55
0 0 20 BC180 2.0E8 250000.0 7850.0 0.0324 8.748E-5 4.50
1 0 20 BH180 2.0E8 345000.0 7850.0 0.0324 8.748E-5 5.00
2 0 20 BQ180 2.0E8 485000.0 7850.0 0.0324 8.748E-5 5.55
0 0 21 BC190 2.0E8 250000.0 7850.0 0.0361 1.0860083333333333E-4 4.50
1 0 21 BH190 2.0E8 345000.0 7850.0 0.0361 1.0860083333333333E-4 5.00
2 0 21 BQ190 2.0E8 485000.0 7850.0 0.0361 1.0860083333333333E-4 5.55
0 0 22 BC200 2.0E8 250000.0 7850.0 0.04 1.333333333333333E-4 4.50
1 0 22 BH200 2.0E8 345000.0 7850.0 0.04 1.333333333333333E-4 5.00
2 0 22 BQ200 2.0E8 485000.0 7850.0 0.04 1.333333333333333E-4 5.55
0 0 23 BC220 2.0E8 250000.0 7850.0 0.0484 1.9521333333333334E-4 4.50
1 0 23 BH220 2.0E8 345000.0 7850.0 0.0484 1.9521333333333334E-4 5.00
2 0 23 BQ220 2.0E8 485000.0 7850.0 0.0484 1.9521333333333334E-4 5.55
0 0 24 BC240 2.0E8 250000.0 7850.0 0.0576 2.7648E-4 4.50
1 0 24 BH240 2.0E8 345000.0 7850.0 0.0576 2.7648E-4 5.00
2 0 24 BQ240 2.0E8 485000.0 7850.0 0.0576 2.7648E-4 5.55
0 0 25 BC260 2.0E8 250000.0 7850.0 0.0676 3.808133333333333E-4 4.50
1 0 25 BH260 2.0E8 345000.0 7850.0 0.0676 3.808133333333333E-4 5.00
2 0 25 BQ260 2.0E8 485000.0 7850.0 0.0676 3.808133333333333E-4 5.55
0 0 26 BC280 2.0E8 250000.0 7850.0 0.0784 5.122133333333333E-4 4.50
1 0 26 BH280 2.0E8 345000.0 7850.0 0.0784 5.122133333333333E-4 5.00
2 0 26 BQ280 2.0E8 485000.0 7850.0 0.0784 5.122133333333333E-4 5.55
0 0 27 BC300 2.0E8 250000.0 7850.0 0.09 6.75E-4 4.50
1 0 27 BH300 2.0E8 345000.0 7850.0 0.09 6.75E-4 5.00
2 0 27 BQ300 2.0E8 485000.0 7850.0 0.09 6.75E-4 5.55
0 0 28 BC320 2.0E8 250000.0 7850.0 0.10239999999999999 8.738133333333334E-4 4.50
1 0 28 BH320 2.0E8 345000.0 7850.0 0.10239999999999999 8.738133333333334E-4 5.00
2 0 28 BQ320 2.0E8 485000.0 7850.0 0.10239999999999999 8.738133333333334E-4 5.55
0 0 29 BC340 2.0E8 250000.0 7850.0 0.1156 0.0011136133333333332 4.50
1 0 29 BH340 2.0E8 345000.0 7850.0 0.1156 0.0011136133333333332 5.00
2 0 29 BQ340 2.0E8 485000.0 7850.0 0.1156 0.0011136133333333332 5.55
0 0 30 BC360 2.0E8 250000.0 7850.0 0.1296 0.00139968 4.50
1 0 30 BH360 2.0E8 345000.0 7850.0 0.1296 0.00139968 5.00
2 0 30 BQ360 2.0E8 485000.0 7850.0 0.1296 0.00139968 5.55
0 0 31 BC400 2.0E8 250000.0 7850.0 0.16 0.002133333333333333 4.50
1 0 31 BH400 2.0E8 345000.0 7850.0 0.16 0.002133333333333333 5.00
2 0 31 BQ400 2.0E8 485000.0 7850.0 0.16 0.002133333333333333 5.55
0 0 32 BC500 2.0E8 250000.0 7850.0 0.25 0.005208333333333333 4.50
1 0 32 BH500 2.0E8 345000.0 7850.0 0.25 0.005208333333333333 5.00
2 0 32 BQ500 2.0E8 485000.0 7850.0 0.25 0.005208333333333333 5.55
0 1 0 TC_30 2.0E8 250000.0 7850.0 2.24E-4 2.9418666666666668E-8 6.30
1 1 0 TH_30 2.0E8 345000.0 7850.0 2.24E-4 2.9418666666666668E-8 7.00
2 1 0 TQ_30 2.0E8 485000.0 7850.0 2.24E-4 2.9418666666666668E-8 7.75
0 1 1 TC_35 2.0E8 250000.0 7850.0 2.6399999999999997E-4 4.8092E-8 6.30
1 1 1 TH_35 2.0E8 345000.0 7850.0 2.6399999999999997E-4 4.8092E-8 7.00
2 1 1 TQ_35 2.0E8 485000.0 7850.0 2.6399999999999997E-4 4.8092E-8 7.75
0 1 2 TC_40 2.0E8 250000.0 7850.0 3.0399999999999996E-4 7.336533333333332E-8 6.30
1 1 2 TH_40 2.0E8 345000.0 7850.0 3.0399999999999996E-4 7.336533333333332E-8 7.00
2 1 2 TQ_40 2.0E8 485000.0 7850.0 3.0399999999999996E-4 7.336533333333332E-8 7.75
0 1 3 TC_45 2.0E8 250000.0 7850.0 3.4399999999999996E-4 1.0623866666666667E-7 6.30
1 1 3 TH_45 2.0E8 345000.0 7850.0 3.4399999999999996E-4 1.0623866666666667E-7 7.00
2 1 3 TQ_45 2.0E8 485000.0 7850.0 3.4399999999999996E-4 1.0623866666666667E-7 7.75
0 1 4 TC_50 2.0E8 250000.0 7850.0 3.84E-4 1.47712E-7 6.30
1 1 4 TH_50 2.0E8 345000.0 7850.0 3.84E-4 1.47712E-7 7.00
2 1 4 TQ_50 2.0E8 485000.0 7850.0 3.84E-4 1.47712E-7 7.75
0 1 5 TC_55 2.0E8 250000.0 7850.0 4.24E-4 1.9878533333333333E-7 6.30
1 1 5 TH_55 2.0E8 345000.0 7850.0 4.24E-4 1.9878533333333333E-7 7.00
2 1 5 TQ_55 2.0E8 485000.0 7850.0 4.24E-4 1.9878533333333333E-7 7.75
0 1 6 TC_60 2.0E8 250000.0 7850.0 6.839999999999999E-4 3.71412E-7 6.30
1 1 6 TH_60 2.0E8 345000.0 7850.0 6.839999999999999E-4 3.71412E-7 7.00
2 1 6 TQ_60 2.0E8 485000.0 7850.0 6.839999999999999E-4 3.71412E-7 7.75
0 1 7 TC_65 2.0E8 250000.0 7850.0 7.44E-4 4.77772E-7 6.30
1 1 7 TH_65 2.0E8 345000.0 7850.0 7.44E-4 4.77772E-7 7.00
2 1 7 TQ_65 2.0E8 485000.0 7850.0 7.44E-4 4.77772E-7 7.75
0 1 8 TC_70 2.0E8 250000.0 7850.0 8.039999999999999E-4 6.02732E-7 6.30
1 1 8 TH_70 2.0E8 345000.0 7850.0 8.039999999999999E-4 6.02732E-7 7.00
2 1 8 TQ_70 2.0E8 485000.0 7850.0 8.039999999999999E-4 6.02732E-7 7.75
0 1 9 TC_75 2.0E8 250000.0 7850.0 8.64E-4 7.47792E-7 6.30
1 1 9 TH_75 2.0E8 345000.0 7850.0 8.64E-4 7.47792E-7 7.00
2 1 9 TQ_75 2.0E8 485000.0 7850.0 8.64E-4 7.47792E-7 7.75
0 1 10 TC_80 2.0E8 250000.0 7850.0 0.0012159999999999999 1.1738453333333332E-6 6.30
1 1 10 TH_80 2.0E8 345000.0 7850.0 0.0012159999999999999 1.1738453333333332E-6 7.00
2 1 10 TQ_80 2.0E8 485000.0 7850.0 0.0012159999999999999 1.1738453333333332E-6 7.75
0 1 11 TC_90 2.0E8 250000.0 7850.0 0.0013759999999999998 1.6998186666666668E-6 6.30
1 1 11 TH_90 2.0E8 345000.0 7850.0 0.0013759999999999998 1.6998186666666668E-6 7.00
2 1 11 TQ_90 2.0E8 485000.0 7850.0 0.0013759999999999998 1.6998186666666668E-6 7.75
0 1 12 TC100 2.0E8 250000.0 7850.0 0.0019 2.8658333333333336E-6 6.30
1 1 12 TH100 2.0E8 345000.0 7850.0 0.0019 2.8658333333333336E-6 7.00
2 1 12 TQ100 2.0E8 485000.0 7850.0 0.0019 2.8658333333333336E-6 7.75
0 1 13 TC110 2.0E8 250000.0 7850.0 0.0021 3.8675E-6 6.30
1 1 13 TH110 2.0E8 345000.0 7850.0 0.0021 3.8675E-6 7.00
2 1 13 TQ110 2.0E8 485000.0 7850.0 0.0021 3.8675E-6 7.75
0 1 14 TC120 2.0E8 250000.0 7850.0 0.0027359999999999997 5.942592E-6 6.30
1 1 14 TH120 2.0E8 345000.0 7850.0 0.0027359999999999997 5.942592E-6 7.00
2 1 14 TQ120 2.0E8 485000.0 7850.0 0.0027359999999999997 5.942592E-6 7.75
0 1 15 TC130 2.0E8 250000.0 7850.0 0.002976 7.644352E-6 6.30
1 1 15 TH130 2.0E8 345000.0 7850.0 0.002976 7.644352E-6 7.00
2 1 15 TQ130 2.0E8 485000.0 7850.0 0.002976 7.644352E-6 7.75
0 1 16 TC140 2.0E8 250000.0 7850.0 0.003724 1.1009385333333334E-5 6.30
1 1 16 TH140 2.0E8 345000.0 7850.0 0.003724 1.1009385333333334E-5 7.00
2 1 16 TQ140 2.0E8 485000.0 7850.0 0.003724 1.1009385333333334E-5 7.75
0 1 17 TC150 2.0E8 250000.0 7850.0 0.004004 1.3678998666666666E-5 6.30
1 1 17 TH150 2.0E8 345000.0 7850.0 0.004004 1.3678998666666666E-5 7.00
2 1 17 TQ150 2.0E8 485000.0 7850.0 0.004004 1.3678998666666666E-5 7.75
0 1 18 TC160 2.0E8 250000.0 7850.0 0.004863999999999999 1.878152533333333E-5 6.30
1 1 18 TH160 2.0E8 345000.0 7850.0 0.004863999999999999 1.878152533333333E-5 7.00
2 1 18 TQ160 2.0E8 485000.0 7850.0 0.004863999999999999 1.878152533333333E-5 7.75
0 1 19 TC170 2.0E8 250000.0 7850.0 0.005183999999999999 2.2730112E-5 6.30
1 1 19 TH170 2.0E8 345000.0 7850.0 0.005183999999999999 2.2730112E-5 7.00
2 1 19 TQ170 2.0E8 485000.0 7850.0 0.005183999999999999 2.2730112E-5 7.75
0 1 20 TC180 2.0E8 250000.0 7850.0 0.006156 3.0084372E-5 6.30
1 1 20 TH180 2.0E8 345000.0 7850.0 0.006156 3.0084372E-5 7.00
2 1 20 TQ180 2.0E8 485000.0 7850.0 0.006156 3.0084372E-5 7.75
0 1 21 TC190 2.0E8 250000.0 7850.0 0.006516 3.5666412E-5 6.30
1 1 21 TH190 2.0E8 345000.0 7850.0 0.006516 3.5666412E-5 7.00
2 1 21 TQ190 2.0E8 485000.0 7850.0 0.006516 3.5666412E-5 7.75
0 1 22 TC200 2.0E8 250000.0 7850.0 0.0076 4.585333333333334E-5 6.30
1 1 22 TH200 2.0E8 345000.0 7850.0 0.0076 4.585333333333334E-5 7.00
2 1 22 TQ200 2.0E8 485000.0 7850.0 0.0076 4.585333333333334E-5 7.75
0 1 23 TC220 2.0E8 250000.0 7850.0 0.009196 6.713386533333333E-5 6.30
1 1 23 TH220 2.0E8 345000.0 7850.0 0.009196 6.713386533333333E-5 7.00
2 1 23 TQ220 2.0E8 485000.0 7850.0 0.009196 6.713386533333333E-5 7.75
0 1 24 TC240 2.0E8 250000.0 7850.0 0.010943999999999999 9.5081472E-5 6.30
1 1 24 TH240 2.0E8 345000.0 7850.0 0.010943999999999999 9.5081472E-5 7.00
2 1 24 TQ240 2.0E8 485000.0 7850.0 0.010943999999999999 9.5081472E-5 7.75
0 1 25 TC260 2.0E8 250000.0 7850.0 0.012844 1.3096170533333332E-4 6.30
1 1 25 TH260 2.0E8 345000.0 7850.0 0.012844 1.3096170533333332E-4 7.00
2 1 25 TQ260 2.0E8 485000.0 7850.0 0.012844 1.3096170533333332E-4 7.75
0 1 26 TC280 2.0E8 250000.0 7850.0 0.014896 1.7615016533333334E-4 6.30
1 1 26 TH280 2.0E8 345000.0 7850.0 0.014896 1.7615016533333334E-4 7.00
2 1 26 TQ280 2.0E8 485000.0 7850.0 0.014896 1.7615016533333334E-4 7.75
0 1 27 TC300 2.0E8 250000.0 7850.0 0.0171 2.321325E-4 6.30
1 1 27 TH300 2.0E8 345000.0 7850.0 0.0171 2.321325E-4 7.00
2 1 27 TQ300 2.0E8 485000.0 7850.0 0.0171 2.321325E-4 7.75
0 1 28 TC320 2.0E8 250000.0 7850.0 0.019455999999999998 3.005044053333333E-4 6.30
1 1 28 TH320 2.0E8 345000.0 7850.0 0.019455999999999998 3.005044053333333E-4 7.00
2 1 28 TQ320 2.0E8 485000.0 7850.0 0.019455999999999998 3.005044053333333E-4 7.75
0 1 29 TC340 2.0E8 250000.0 7850.0 0.021963999999999997 3.829716253333333E-4 6.30
1 1 29 TH340 2.0E8 345000.0 7850.0 0.021963999999999997 3.829716253333333E-4 7.00
2 1 29 TQ340 2.0E8 485000.0 7850.0 0.021963999999999997 3.829716253333333E-4 7.75
0 1 30 TC360 2.0E8 250000.0 7850.0 0.024624 4.81349952E-4 6.30
1 1 30 TH360 2.0E8 345000.0 7850.0 0.024624 4.81349952E-4 7.00
2 1 30 TQ360 2.0E8 485000.0 7850.0 0.024624 4.81349952E-4 7.75
0 1 31 TC400 2.0E8 250000.0 7850.0 0.0304 7.336533333333334E-4 6.30
1 1 31 TH400 2.0E8 345000.0 7850.0 0.0304 7.336533333333334E-4 7.00
2 1 31 TQ400 2.0E8 485000.0 7850.0 0.0304 7.336533333333334E-4 7.75
0 1 32 TC500 2.0E8 250000.0 7850.0 0.0475 0.0017911458333333332 6.30
1 1 32 TH500 2.0E8 345000.0 7850.0 0.0475 0.0017911458333333332 7.00
2 1 32 TQ500 2.0E8 485000.0 7850.0 0.0475 0.0017911458333333332 7.75

